Map from character to field name
A:	Africa
B:	Asia
C:	Europe
D:	Mexico
E:	Oceania
F:	South America
G:	USA
H:	?


Substitution rate (mu): 53.365941

Equilibrium frequencies (pi_i):
  A: 0.0789
  B: 0.1021
  C: 0.0301
  D: 0.0967
  E: 0.0849
  F: 0.0717
  G: 0.5355

Symmetrized rates from j->i (W_ij):
	A	B	C	D	E	F	G
  A	0	0.4263	0.5405	0.4263	0.4261	0.4262	0.9979
  B	0.4263	0	0.6561	0.4263	0.4262	0.4263	0.7048
  C	0.5405	0.6561	0	0.4236	0.4254	0.4243	17.2545
  D	0.4263	0.4263	0.4236	0	0.4261	0.4263	0.5301
  E	0.4261	0.4262	0.4254	0.4261	0	0.4262	0.7197
  F	0.4262	0.4263	0.4243	0.4263	0.4262	0	1.1099
  G	0.9979	0.7048	17.2545	0.5301	0.7197	1.1099	0

Actual rates from j->i (Q_ij):
	A	B	C	D	E	F	G
  A	0	0.0336	0.0426	0.0336	0.0336	0.0336	0.0787
  B	0.0435	0	0.067	0.0435	0.0435	0.0435	0.072
  C	0.0163	0.0197	0	0.0127	0.0128	0.0128	0.5189
  D	0.0412	0.0412	0.041	0	0.0412	0.0412	0.0513
  E	0.0362	0.0362	0.0361	0.0362	0	0.0362	0.0611
  F	0.0306	0.0306	0.0304	0.0306	0.0306	0	0.0796
  G	0.5344	0.3774	9.2406	0.2839	0.3854	0.5944	0
